2.797530000000000000e+05
2.610304687500000000e+05
4.170680312500000000e+05
2.774168437500000000e+05
1.156256093750000000e+05
4.729425000000000000e+04
3.064645312500000000e+05
7.523021250000000000e+05
1.399396875000000000e+06
1.752897625000000000e+06
1.620158250000000000e+06
1.428093500000000000e+06
1.241205375000000000e+06
1.008908250000000000e+06
1.003425875000000000e+06
1.128832000000000000e+06
1.265388875000000000e+06
1.084458125000000000e+06
7.257067500000000000e+05
5.598202500000000000e+05
4.396414375000000000e+05
4.828441562500000000e+05
5.122268750000000000e+05
4.308984375000000000e+05
5.883516875000000000e+05
4.487872187500000000e+05
5.101205625000000000e+05
4.833154687500000000e+05
2.554825156250000000e+05
2.426136562500000000e+05
5.461086250000000000e+05
1.056842125000000000e+06
1.534071625000000000e+06
1.670635500000000000e+06
1.427292000000000000e+06
9.768512500000000000e+05
7.193228750000000000e+05
9.810130000000000000e+05
1.495946000000000000e+06
1.465972000000000000e+06
1.579187625000000000e+06
1.440892625000000000e+06
1.099232875000000000e+06
9.842870000000000000e+05
8.155873750000000000e+05
7.041998750000000000e+05
7.384536250000000000e+05
7.438013750000000000e+05
7.439652500000000000e+05
3.210925000000000000e+05
6.431596875000000000e+04
-1.440327812500000000e+05
-4.456497187500000000e+05
-2.946494687500000000e+05
3.279854687500000000e+05
1.044979000000000000e+06
1.761176500000000000e+06
1.920281125000000000e+06
1.719414625000000000e+06
1.332542875000000000e+06
1.051386750000000000e+06
1.187150375000000000e+06
1.685804000000000000e+06
1.782777625000000000e+06
1.817585000000000000e+06
1.706448750000000000e+06
1.007470625000000000e+06
4.089900625000000000e+05
2.565592812500000000e+05
5.696951875000000000e+05
7.594173125000000000e+05
8.569828750000000000e+05
1.154535500000000000e+06
6.234091250000000000e+05
3.003680625000000000e+05
9.990306250000000000e+04
-2.028313437500000000e+05
-8.284181250000000000e+04
5.723217500000000000e+05
1.396470500000000000e+06
1.847220500000000000e+06
1.633910125000000000e+06
1.253296750000000000e+06
6.148887500000000000e+05
2.860207812500000000e+05
8.372268750000000000e+05
1.960558500000000000e+06
2.002670125000000000e+06
2.114055250000000000e+06
2.139072250000000000e+06
1.532284500000000000e+06
1.009152750000000000e+06
7.183875000000000000e+05
7.477295625000000000e+05
9.800563750000000000e+05
1.145185000000000000e+06
