2.619531093750000000e+05
3.327064375000000000e+05
4.946812500000000000e+05
1.018426250000000000e+05
4.252537500000000000e+04
-4.416878125000000000e+04
2.995728125000000000e+04
6.843027500000000000e+05
1.421104250000000000e+06
1.697782500000000000e+06
1.582431250000000000e+06
1.419594500000000000e+06
1.210440750000000000e+06
1.005237000000000000e+06
9.960766250000000000e+05
1.080288500000000000e+06
1.043891250000000000e+06
9.391468125000000000e+05
8.258062500000000000e+05
4.088580000000000000e+05
3.973583437500000000e+05
2.893528437500000000e+05
2.580349062500000000e+05
2.196515625000000000e+05
4.349793750000000000e+05
4.959031562500000000e+05
5.745295000000000000e+05
3.124187812500000000e+05
1.064188125000000000e+05
9.474356250000000000e+04
2.372087500000000000e+05
8.775851250000000000e+05
1.235764500000000000e+06
1.613401250000000000e+06
1.427958000000000000e+06
8.594022500000000000e+05
7.029215000000000000e+05
5.704907500000000000e+05
8.304785000000000000e+05
9.601992500000000000e+05
1.224994125000000000e+06
1.126846625000000000e+06
9.496401250000000000e+05
7.707250000000000000e+05
6.028875000000000000e+05
4.862597500000000000e+05
4.536135937500000000e+05
4.518883750000000000e+05
3.976124687500000000e+05
4.037428750000000000e+05
3.790816250000000000e+05
-8.883462500000000000e+04
-3.717061875000000000e+05
-4.560252500000000000e+05
-9.506481250000000000e+04
5.543420000000000000e+05
1.337428000000000000e+06
1.723559500000000000e+06
1.605531000000000000e+06
1.190163000000000000e+06
8.978297500000000000e+05
7.496977500000000000e+05
9.286519375000000000e+05
1.164795500000000000e+06
1.171381625000000000e+06
1.174306625000000000e+06
8.760380000000000000e+05
4.354209062500000000e+05
3.485380625000000000e+05
1.481692812500000000e+05
5.711550000000000000e+04
1.999316718750000000e+05
5.595581250000000000e+05
5.308016250000000000e+05
4.435986875000000000e+05
8.425903125000000000e+04
-2.476005000000000000e+05
-3.414951250000000000e+05
-1.490493750000000000e+04
7.387253750000000000e+05
1.115872250000000000e+06
1.620222000000000000e+06
1.476126250000000000e+06
8.238868125000000000e+05
4.364086875000000000e+05
4.060863750000000000e+05
8.099808750000000000e+05
9.539318750000000000e+05
1.290808000000000000e+06
1.301446125000000000e+06
1.041432812500000000e+06
7.368558125000000000e+05
5.181610625000000000e+05
3.438012187500000000e+05
2.616219531250000000e+05
3.663393437500000000e+05
