1.541248281250000000e+05
6.864396875000000000e+04
6.964103125000000000e+04
5.739359375000000000e+04
3.377406250000000000e+04
1.196893750000000000e+04
-1.328118750000000000e+04
-1.883200000000000000e+04
-3.612446875000000000e+04
-3.152337500000000000e+04
2.772553125000000000e+04
5.452776250000000000e+05
1.101623500000000000e+06
1.223175000000000000e+06
9.782068125000000000e+05
6.155385000000000000e+05
3.980150312500000000e+05
4.647544062500000000e+05
6.516856250000000000e+05
5.908531875000000000e+05
3.744573437500000000e+05
1.912544375000000000e+05
9.403075000000000000e+04
4.779515625000000000e+04
2.455225000000000000e+04
1.321878125000000000e+04
5.188906250000000000e+03
3.496937500000000000e+03
4.278593750000000000e+03
7.396250000000000000e+02
2.417500000000000000e+02
-7.134687500000000000e+02
-2.521250000000000000e+02
8.076656250000000000e+03
1.125183437500000000e+05
6.779776875000000000e+05
1.159845500000000000e+06
1.218678250000000000e+06
9.458119375000000000e+05
5.950064375000000000e+05
4.215272812500000000e+05
5.390751250000000000e+05
6.838028750000000000e+05
5.911815000000000000e+05
4.650541562500000000e+05
4.332603437500000000e+05
1.320207968750000000e+05
9.425309375000000000e+04
4.158071875000000000e+04
3.302121875000000000e+04
4.946818750000000000e+04
3.596700000000000000e+04
2.564525000000000000e+04
2.059781250000000000e+04
1.452456250000000000e+04
1.490250000000000000e+04
1.467321875000000000e+04
1.134256250000000000e+04
4.126818750000000000e+04
6.229812500000000000e+04
4.132070625000000000e+05
7.081976250000000000e+05
8.048870000000000000e+05
9.280125000000000000e+05
9.175983750000000000e+05
9.064393750000000000e+05
8.482092500000000000e+05
5.880191250000000000e+05
5.317153750000000000e+05
5.928250000000000000e+05
6.960510625000000000e+05
6.074912500000000000e+05
3.687472500000000000e+05
2.510213125000000000e+05
2.260467187500000000e+05
2.141821406250000000e+05
1.014484687500000000e+05
4.493459375000000000e+04
5.853156250000000000e+03
1.095037500000000000e+04
4.529365625000000000e+04
6.661943750000000000e+04
1.195255156250000000e+05
3.577594062500000000e+05
6.369083750000000000e+05
9.469085625000000000e+05
1.103461000000000000e+06
1.143780125000000000e+06
9.802788750000000000e+05
9.094246875000000000e+05
8.017018750000000000e+05
5.888542500000000000e+05
5.778061250000000000e+05
6.306450625000000000e+05
7.666945000000000000e+05
9.223446875000000000e+05
